Jan, 46, 60, 63, 72, 79, 41, 1, 27, 33, 78, 34, 32, 13, 14, 10, 68, 32, 47, 50, 61, 55, 47, 27, 76, 24, 20, 39, 18, 32, 64, 7, 
Feb, 13, 7, 19, 30, 27, 21, 5, 29, 35, 2, 30, 16, 16, 32, 26, 33, 11, 3, 26, 36, 41, 48, 8, 43, 23, 28, 13, 17, 
Mar, 42, 45, 58, 7, 59, 5, 54, 58, 56, 23, 25, 0, 49, 5, 46, 35, 37, 37, 23, 39, 40, 18, 50, 55, 23, 0, 20, 9, 14, 16, 54, 
Apr, 32, 38, 20, 17, 49, 11, 0, 41, 36, 28, 26, 37, 5, 35, 45, 4, 31, 21, 24, 9, 23, 38, 7, 18, 7, 31, 24, 26, 19, 40, 
May, 50, 10, 15, 54, 22, 19, 5, 51, 6, 6, 11, 16, 0, 47, 44, 36, 46, 53, 9, 25, 11, 9, 24, 10, 53, 19, 22, 22, 23, 32, 38, 
Jun, 6, 29, 47, 36, 32, 5, 51, 34, 14, 32, 35, 37, 8, 58, 51, 36, 57, 2, 29, 61, 16, 66, 5, 60, 17, 46, 44, 34, 27, 0, 
Jul, 1, 27, 5, 28, 15, 17, 0, 24, 6, 20, 0, 14, 13, 27, 23, 4, 6, 21, 22, 3, 28, 13, 19, 0, 25, 17, 21, 29, 5, 5, 20, 
Aug, 28, 24, 7, 23, 27, 27, 24, 9, 26, 22, 9, 18, 5, 3, 22, 8, 10, 6, 5, 2, 16, 5, 4, 17, 0, 18, 2, 17, 14, 2, 27, 
Sep, 34, 19, 21, 21, 3, 29, 19, 8, 16, 7, 20, 17, 22, 22, 8, 21, 21, 31, 30, 28, 0, 14, 14, 15, 20, 16, 24, 5, 8, 23, 
Oct, 9, 45, 23, 48, 19, 45, 35, 31, 20, 11, 15, 35, 36, 4, 42, 28, 26, 28, 27, 20, 4, 22, 6, 14, 0, 5, 26, 19, 7, 34, 24, 
Nov, 24, 2, 64, 48, 43, 29, 65, 50, 10, 6, 19, 53, 3, 46, 61, 10, 50, 47, 11, 56, 41, 66, 40, 47, 65, 68, 13, 64, 69, 28, 
Dec, 14, 85, 3, 36, 17, 93, 62, 93, 48, 89, 65, 61, 1, 15, 37, 37, 82, 46, 68, 22, 44, 14, 67, 33, 17, 27, 18, 38, 19, 24, 24, 
